./100nA/365nm.csv;0.453898355992668;4.82182759744423;0.0104809401993139;9.70333716761626;0.0245431331147634
./100nA/577nm.csv;0.265736600975783;3.59227387688493;0.0120021956879835;6.47305901110644;0.0335249579448016
./100nA/436nm.csv;0.305325679725324;4.52084594415422;0.071264477115301;8.15570181211254;0.00380227879025976
./100nA/baseline100nA.csv;0.840836010095721;5.19520124632052;-3.24351129405533e-05;4.80559486044954;0.0363583921566507
./100nA/405nm.csv;0.410617455283191;4.87293235932435;0.0139307952043469;9.68030456701789;0.0216408959450759
./100nA/313nm.csv;0.465478322377815;2.39665174918139;0.00101053382661316;5.89068202864339;0.0353652160513538
./100nA/FullSpectrum100nA.csv;3.31674738341308e-05;20.2086804359434;2.51197744300442;0.336781733713973;-0.111794467775842
./100nA/334nm.csv;0.513479212518128;3.03426708983139;0.00084388992199165;6.83093292330515;0.0352437912174755
./100nA/546nm.csv;0.276721819904687;4.95515437061611;0.0211783187119063;8.87192526782032;0.0244890689709915
./10nA/334.csv;0.498752682023012;3.25051022282671;0.0113542928150401;7.04581819445259;-0.00668778306031397
./10nA/365nm.csv;0.294398365892145;3.70221006261448;0.527012156497852;5.32071779378803;-0.0835661429951686
./10nA/577nm.csv;0.297651611115867;4.53211542099366;0.0576311643921879;8.2161335255349;-0.0293997315210469
./10nA/436nm.csv;0.00587431953574872;8.47059588972033;4.15888463868751;0.989625673741447;-0.287947022662502
./10nA/405nm.csv;0.167189610830895;3.44620677702017;1.19523591459843;3.62681991473042;-0.110212645409443
./10nA/FullSpectrum.csv;4.72600068904246e-05;1045.31981040775;6.4233368612008;0.403509183990846;-1.49603774796045
./10nA/313nm.csv;0.46461640801992;3.54033644105684;0.00675113102027031;6.76938496021394;-0.00790495604022438
./10nA/BackgroundLevel10nA.csv;0.446020100167792;1.46740287433641;0.000700748553400792;6.68938069532635;0.00748470753667216
./10nA/546nm.csv;0.0497088038828321;9.35467347613445;0.166057801089752;7.98920065823372;-0.0708069313906622
./1000nA/365nm.csv;0.444993059630112;4.70352252528573;0.00113887726697898;9.48079027106345;0.0385923606453244
./1000nA/577nm.csv;0.261356034271596;4.64638780438898;0.00033905746443748;9.10832116299372;0.0392721914633605
./1000nA/436nm.csv;0.367123246778083;4.33051631500792;0.00695593749370376;8.39916854033656;0.0357988824538349
./1000nA/baseline100nA.csv;8.07535633904178e-07;8.62804090939693e-05;-3.75401439288859e-05;7.27050605709805;0.0390002302519926
./1000nA/405nm.csv;0.407011062388626;5.20485576577569;0.000990749022214341;10.3764603767187;0.0381367603559898
./1000nA/313nm.csv;0.396024737475486;7.59975820844922;-0.006384302059724;0.0289678538359914;0.045700075090529
./1000nA/FullSpectrum1000nA.csv;0.38069300480701;4.90354011635424;0.0238742088958926;9.45699775146697;0.0196994025224937
./1000nA/334nm.csv;0.00776028581014032;0.000388897271904209;2.31542178273104e-05;7.26480725635999;0.039361587963112
./1000nA/546nm.csv;0.27057061880853;5.00230978486687;0.0018675408984921;9.16153306447008;0.0385210294666158
./100nA/365nm.csv;0.453898355992668;4.82182759744423;0.0104809401993139;9.70333716761626;0.0245431331147634
./100nA/577nm.csv;0.265736600975783;3.59227387688493;0.0120021956879835;6.47305901110644;0.0335249579448016
./100nA/436nm.csv;0.305325679725324;4.52084594415422;0.071264477115301;8.15570181211254;0.00380227879025976
./100nA/baseline100nA.csv;0.840836010095721;5.19520124632052;-3.24351129405533e-05;4.80559486044954;0.0363583921566507
./100nA/405nm.csv;0.410617455283191;4.87293235932435;0.0139307952043469;9.68030456701789;0.0216408959450759
./100nA/313nm.csv;0.465478322377815;2.39665174918139;0.00101053382661316;5.89068202864339;0.0353652160513538
./100nA/FullSpectrum100nA.csv;3.31674738341308e-05;20.2086804359434;2.51197744300442;0.336781733713973;-0.111794467775842
./100nA/334nm.csv;0.513479212518128;3.03426708983139;0.00084388992199165;6.83093292330515;0.0352437912174755
./100nA/546nm.csv;0.276721819904687;4.95515437061611;0.0211783187119063;8.87192526782032;0.0244890689709915
./10nA/334.csv;0.498752682023012;3.25051022282671;0.0113542928150401;7.04581819445259;-0.00668778306031397
./10nA/365nm.csv;0.294398365892145;3.70221006261448;0.527012156497852;5.32071779378803;-0.0835661429951686
./10nA/577nm.csv;0.297651611115867;4.53211542099366;0.0576311643921879;8.2161335255349;-0.0293997315210469
./10nA/436nm.csv;0.00587431953574872;8.47059588972033;4.15888463868751;0.989625673741447;-0.287947022662502
./10nA/405nm.csv;0.167189610830895;3.44620677702017;1.19523591459843;3.62681991473042;-0.110212645409443
./10nA/FullSpectrum.csv;4.72600068904246e-05;1045.31981040775;6.4233368612008;0.403509183990846;-1.49603774796045
./10nA/313nm.csv;0.46461640801992;3.54033644105684;0.00675113102027031;6.76938496021394;-0.00790495604022438
./10nA/BackgroundLevel10nA.csv;0.446020100167792;1.46740287433641;0.000700748553400792;6.68938069532635;0.00748470753667216
./10nA/546nm.csv;0.0497088038828321;9.35467347613445;0.166057801089752;7.98920065823372;-0.0708069313906622
./1000nA/365nm.csv;0.444993059630112;4.70352252528573;0.00113887726697898;9.48079027106345;0.0385923606453244
./1000nA/577nm.csv;0.261356034271596;4.64638780438898;0.00033905746443748;9.10832116299372;0.0392721914633605
./1000nA/436nm.csv;0.367123246778083;4.33051631500792;0.00695593749370376;8.39916854033656;0.0357988824538349
./1000nA/baseline100nA.csv;8.07535633904178e-07;8.62804090939693e-05;-3.75401439288859e-05;7.27050605709805;0.0390002302519926
./1000nA/405nm.csv;0.407011062388626;5.20485576577569;0.000990749022214341;10.3764603767187;0.0381367603559898
./1000nA/313nm.csv;0.396024737475486;7.59975820844922;-0.006384302059724;0.0289678538359914;0.045700075090529
./1000nA/FullSpectrum1000nA.csv;0.38069300480701;4.90354011635424;0.0238742088958926;9.45699775146697;0.0196994025224937
./1000nA/334nm.csv;0.00776028581014032;0.000388897271904209;2.31542178273104e-05;7.26480725635999;0.039361587963112
./1000nA/546nm.csv;0.27057061880853;5.00230978486687;0.0018675408984921;9.16153306447008;0.0385210294666158
./100nA/365nm.csv;0.453898355992668;4.82182759744423;0.0104809401993139;9.70333716761626;0.0245431331147634
./100nA/577nm.csv;0.265736600975783;3.59227387688493;0.0120021956879835;6.47305901110644;0.0335249579448016
./100nA/436nm.csv;0.305325679725324;4.52084594415422;0.071264477115301;8.15570181211254;0.00380227879025976
./100nA/baseline100nA.csv;0.840836010095721;5.19520124632052;-3.24351129405533e-05;4.80559486044954;0.0363583921566507
./100nA/405nm.csv;0.410617455283191;4.87293235932435;0.0139307952043469;9.68030456701789;0.0216408959450759
./100nA/313nm.csv;0.465478322377815;2.39665174918139;0.00101053382661316;5.89068202864339;0.0353652160513538
./100nA/FullSpectrum100nA.csv;3.31674738341308e-05;20.2086804359434;2.51197744300442;0.336781733713973;-0.111794467775842
./100nA/334nm.csv;0.513479212518128;3.03426708983139;0.00084388992199165;6.83093292330515;0.0352437912174755
./100nA/546nm.csv;0.276721819904687;4.95515437061611;0.0211783187119063;8.87192526782032;0.0244890689709915
./10nA/334.csv;0.498752682023012;3.25051022282671;0.0113542928150401;7.04581819445259;-0.00668778306031397
./10nA/365nm.csv;0.294398365892145;3.70221006261448;0.527012156497852;5.32071779378803;-0.0835661429951686
./10nA/577nm.csv;0.297651611115867;4.53211542099366;0.0576311643921879;8.2161335255349;-0.0293997315210469
./10nA/436nm.csv;0.00587431953574872;8.47059588972033;4.15888463868751;0.989625673741447;-0.287947022662502
./10nA/405nm.csv;0.167189610830895;3.44620677702017;1.19523591459843;3.62681991473042;-0.110212645409443
./10nA/FullSpectrum.csv;4.72600068904246e-05;1045.31981040775;6.4233368612008;0.403509183990846;-1.49603774796045
./10nA/313nm.csv;0.46461640801992;3.54033644105684;0.00675113102027031;6.76938496021394;-0.00790495604022438
./10nA/BackgroundLevel10nA.csv;0.446020100167792;1.46740287433641;0.000700748553400792;6.68938069532635;0.00748470753667216
./10nA/546nm.csv;0.0497088038828321;9.35467347613445;0.166057801089752;7.98920065823372;-0.0708069313906622
./1000nA/365nm.csv;0.444993059630112;4.70352252528573;0.00113887726697898;9.48079027106345;0.0385923606453244
./1000nA/577nm.csv;0.261356034271596;4.64638780438898;0.00033905746443748;9.10832116299372;0.0392721914633605
./1000nA/436nm.csv;0.367123246778083;4.33051631500792;0.00695593749370376;8.39916854033656;0.0357988824538349
./1000nA/baseline100nA.csv;8.07535633904178e-07;8.62804090939693e-05;-3.75401439288859e-05;7.27050605709805;0.0390002302519926
./1000nA/405nm.csv;0.407011062388626;5.20485576577569;0.000990749022214341;10.3764603767187;0.0381367603559898
./1000nA/313nm.csv;0.396024737475486;7.59975820844922;-0.006384302059724;0.0289678538359914;0.045700075090529
./1000nA/FullSpectrum1000nA.csv;0.38069300480701;4.90354011635424;0.0238742088958926;9.45699775146697;0.0196994025224937
./1000nA/334nm.csv;0.00776028581014032;0.000388897271904209;2.31542178273104e-05;7.26480725635999;0.039361587963112
./1000nA/546nm.csv;0.27057061880853;5.00230978486687;0.0018675408984921;9.16153306447008;0.0385210294666158
./100nA/365nm.csv;0.453898355992668;4.82182759744423;0.0104809401993139;9.70333716761626;0.0245431331147634
./100nA/577nm.csv;0.265736600975783;3.59227387688493;0.0120021956879835;6.47305901110644;0.0335249579448016
./100nA/436nm.csv;0.305325679725324;4.52084594415422;0.071264477115301;8.15570181211254;0.00380227879025976
./100nA/baseline100nA.csv;0.840836010095721;5.19520124632052;-3.24351129405533e-05;4.80559486044954;0.0363583921566507
./100nA/405nm.csv;0.410617455283191;4.87293235932435;0.0139307952043469;9.68030456701789;0.0216408959450759
./100nA/313nm.csv;0.465478322377815;2.39665174918139;0.00101053382661316;5.89068202864339;0.0353652160513538
./100nA/FullSpectrum100nA.csv;3.31674738341308e-05;20.2086804359434;2.51197744300442;0.336781733713973;-0.111794467775842
./100nA/334nm.csv;0.513479212518128;3.03426708983139;0.00084388992199165;6.83093292330515;0.0352437912174755
./100nA/546nm.csv;0.276721819904687;4.95515437061611;0.0211783187119063;8.87192526782032;0.0244890689709915
./10nA/334.csv;0.498752682023012;3.25051022282671;0.0113542928150401;7.04581819445259;-0.00668778306031397
./10nA/365nm.csv;0.294398365892145;3.70221006261448;0.527012156497852;5.32071779378803;-0.0835661429951686
./10nA/577nm.csv;0.297651611115867;4.53211542099366;0.0576311643921879;8.2161335255349;-0.0293997315210469
./10nA/436nm.csv;0.00587431953574872;8.47059588972033;4.15888463868751;0.989625673741447;-0.287947022662502
./10nA/405nm.csv;0.167189610830895;3.44620677702017;1.19523591459843;3.62681991473042;-0.110212645409443
./10nA/FullSpectrum.csv;4.72600068904246e-05;1045.31981040775;6.4233368612008;0.403509183990846;-1.49603774796045
./10nA/313nm.csv;0.46461640801992;3.54033644105684;0.00675113102027031;6.76938496021394;-0.00790495604022438
./10nA/BackgroundLevel10nA.csv;0.446020100167792;1.46740287433641;0.000700748553400792;6.68938069532635;0.00748470753667216
./10nA/546nm.csv;0.0497088038828321;9.35467347613445;0.166057801089752;7.98920065823372;-0.0708069313906622
./1000nA/365nm.csv;0.444993059630112;4.70352252528573;0.00113887726697898;9.48079027106345;0.0385923606453244
./1000nA/577nm.csv;0.261356034271596;4.64638780438898;0.00033905746443748;9.10832116299372;0.0392721914633605
./1000nA/436nm.csv;0.367123246778083;4.33051631500792;0.00695593749370376;8.39916854033656;0.0357988824538349
./1000nA/baseline100nA.csv;8.07535633904178e-07;8.62804090939693e-05;-3.75401439288859e-05;7.27050605709805;0.0390002302519926
./1000nA/405nm.csv;0.407011062388626;5.20485576577569;0.000990749022214341;10.3764603767187;0.0381367603559898
./1000nA/313nm.csv;0.396024737475486;7.59975820844922;-0.006384302059724;0.0289678538359914;0.045700075090529
./1000nA/FullSpectrum1000nA.csv;0.38069300480701;4.90354011635424;0.0238742088958926;9.45699775146697;0.0196994025224937
./1000nA/334nm.csv;0.00776028581014032;0.000388897271904209;2.31542178273104e-05;7.26480725635999;0.039361587963112
./1000nA/546nm.csv;0.27057061880853;5.00230978486687;0.0018675408984921;9.16153306447008;0.0385210294666158
./100nA/365nm.csv;0.453898355992668;4.82182759744423;0.0104809401993139;9.70333716761626;0.0245431331147634
./100nA/577nm.csv;0.265736600975783;3.59227387688493;0.0120021956879835;6.47305901110644;0.0335249579448016
./100nA/436nm.csv;0.305325679725324;4.52084594415422;0.071264477115301;8.15570181211254;0.00380227879025976
./100nA/baseline100nA.csv;0.840836010095721;5.19520124632052;-3.24351129405533e-05;4.80559486044954;0.0363583921566507
./100nA/405nm.csv;0.410617455283191;4.87293235932435;0.0139307952043469;9.68030456701789;0.0216408959450759
./100nA/313nm.csv;0.465478322377815;2.39665174918139;0.00101053382661316;5.89068202864339;0.0353652160513538
./100nA/FullSpectrum100nA.csv;3.31674738341308e-05;20.2086804359434;2.51197744300442;0.336781733713973;-0.111794467775842
./100nA/334nm.csv;0.513479212518128;3.03426708983139;0.00084388992199165;6.83093292330515;0.0352437912174755
./100nA/546nm.csv;0.276721819904687;4.95515437061611;0.0211783187119063;8.87192526782032;0.0244890689709915
./10nA/334.csv;0.498752682023012;3.25051022282671;0.0113542928150401;7.04581819445259;-0.00668778306031397
./10nA/365nm.csv;0.294398365892145;3.70221006261448;0.527012156497852;5.32071779378803;-0.0835661429951686
./10nA/577nm.csv;0.297651611115867;4.53211542099366;0.0576311643921879;8.2161335255349;-0.0293997315210469
./10nA/436nm.csv;0.00587431953574872;8.47059588972033;4.15888463868751;0.989625673741447;-0.287947022662502
./10nA/405nm.csv;0.167189610830895;3.44620677702017;1.19523591459843;3.62681991473042;-0.110212645409443
./10nA/FullSpectrum.csv;4.72600068904246e-05;1045.31981040775;6.4233368612008;0.403509183990846;-1.49603774796045
./10nA/313nm.csv;0.46461640801992;3.54033644105684;0.00675113102027031;6.76938496021394;-0.00790495604022438
./10nA/BackgroundLevel10nA.csv;0.446020100167792;1.46740287433641;0.000700748553400792;6.68938069532635;0.00748470753667216
./10nA/546nm.csv;0.0497088038828321;9.35467347613445;0.166057801089752;7.98920065823372;-0.0708069313906622
./1000nA/365nm.csv;0.444993059630112;4.70352252528573;0.00113887726697898;9.48079027106345;0.0385923606453244
./1000nA/577nm.csv;0.261356034271596;4.64638780438898;0.00033905746443748;9.10832116299372;0.0392721914633605
./1000nA/436nm.csv;0.367123246778083;4.33051631500792;0.00695593749370376;8.39916854033656;0.0357988824538349
./1000nA/baseline100nA.csv;8.07535633904178e-07;8.62804090939693e-05;-3.75401439288859e-05;7.27050605709805;0.0390002302519926
./1000nA/405nm.csv;0.407011062388626;5.20485576577569;0.000990749022214341;10.3764603767187;0.0381367603559898
./1000nA/313nm.csv;0.396024737475486;7.59975820844922;-0.006384302059724;0.0289678538359914;0.045700075090529
./1000nA/FullSpectrum1000nA.csv;0.38069300480701;4.90354011635424;0.0238742088958926;9.45699775146697;0.0196994025224937
./1000nA/334nm.csv;0.00776028581014032;0.000388897271904209;2.31542178273104e-05;7.26480725635999;0.039361587963112
./1000nA/546nm.csv;0.27057061880853;5.00230978486687;0.0018675408984921;9.16153306447008;0.0385210294666158
./100nA/365nm.csv;0.453898355992668;4.82182759744423;0.0104809401993139;9.70333716761626;0.0245431331147634
./100nA/577nm.csv;0.265736600975783;3.59227387688493;0.0120021956879835;6.47305901110644;0.0335249579448016
./100nA/436nm.csv;0.305325679725324;4.52084594415422;0.071264477115301;8.15570181211254;0.00380227879025976
./100nA/baseline100nA.csv;0.840836010095721;5.19520124632052;-3.24351129405533e-05;4.80559486044954;0.0363583921566507
./100nA/405nm.csv;0.410617455283191;4.87293235932435;0.0139307952043469;9.68030456701789;0.0216408959450759
./100nA/313nm.csv;0.465478322377815;2.39665174918139;0.00101053382661316;5.89068202864339;0.0353652160513538
./100nA/FullSpectrum100nA.csv;3.31674738341308e-05;20.2086804359434;2.51197744300442;0.336781733713973;-0.111794467775842
./100nA/334nm.csv;0.513479212518128;3.03426708983139;0.00084388992199165;6.83093292330515;0.0352437912174755
./100nA/546nm.csv;0.276721819904687;4.95515437061611;0.0211783187119063;8.87192526782032;0.0244890689709915
./10nA/334.csv;0.498752682023012;3.25051022282671;0.0113542928150401;7.04581819445259;-0.00668778306031397
./10nA/365nm.csv;0.294398365892145;3.70221006261448;0.527012156497852;5.32071779378803;-0.0835661429951686
./10nA/577nm.csv;0.297651611115867;4.53211542099366;0.0576311643921879;8.2161335255349;-0.0293997315210469
./10nA/436nm.csv;0.00587431953574872;8.47059588972033;4.15888463868751;0.989625673741447;-0.287947022662502
./10nA/405nm.csv;0.167189610830895;3.44620677702017;1.19523591459843;3.62681991473042;-0.110212645409443
./10nA/FullSpectrum.csv;4.72600068904246e-05;1045.31981040775;6.4233368612008;0.403509183990846;-1.49603774796045
./10nA/313nm.csv;0.46461640801992;3.54033644105684;0.00675113102027031;6.76938496021394;-0.00790495604022438
./10nA/BackgroundLevel10nA.csv;0.446020100167792;1.46740287433641;0.000700748553400792;6.68938069532635;0.00748470753667216
./10nA/546nm.csv;0.0497088038828321;9.35467347613445;0.166057801089752;7.98920065823372;-0.0708069313906622
./1000nA/365nm.csv;0.444993059630112;4.70352252528573;0.00113887726697898;9.48079027106345;0.0385923606453244
./1000nA/577nm.csv;0.261356034271596;4.64638780438898;0.00033905746443748;9.10832116299372;0.0392721914633605
./1000nA/436nm.csv;0.367123246778083;4.33051631500792;0.00695593749370376;8.39916854033656;0.0357988824538349
./1000nA/baseline100nA.csv;8.07535633904178e-07;8.62804090939693e-05;-3.75401439288859e-05;7.27050605709805;0.0390002302519926
./1000nA/405nm.csv;0.407011062388626;5.20485576577569;0.000990749022214341;10.3764603767187;0.0381367603559898
./1000nA/313nm.csv;0.396024737475486;7.59975820844922;-0.006384302059724;0.0289678538359914;0.045700075090529
./1000nA/FullSpectrum1000nA.csv;0.38069300480701;4.90354011635424;0.0238742088958926;9.45699775146697;0.0196994025224937
./1000nA/334nm.csv;0.00776028581014032;0.000388897271904209;2.31542178273104e-05;7.26480725635999;0.039361587963112
./1000nA/546nm.csv;0.27057061880853;5.00230978486687;0.0018675408984921;9.16153306447008;0.0385210294666158
./100nA/365nm.csv;0.453898355992668;4.82182759744423;0.0104809401993139;9.70333716761626;0.0245431331147634
./100nA/577nm.csv;0.265736600975783;3.59227387688493;0.0120021956879835;6.47305901110644;0.0335249579448016
./100nA/436nm.csv;0.305325679725324;4.52084594415422;0.071264477115301;8.15570181211254;0.00380227879025976
./100nA/baseline100nA.csv;0.840836010095721;5.19520124632052;-3.24351129405533e-05;4.80559486044954;0.0363583921566507
./100nA/405nm.csv;0.410617455283191;4.87293235932435;0.0139307952043469;9.68030456701789;0.0216408959450759
./100nA/313nm.csv;0.465478322377815;2.39665174918139;0.00101053382661316;5.89068202864339;0.0353652160513538
./100nA/FullSpectrum100nA.csv;3.31674738341308e-05;20.2086804359434;2.51197744300442;0.336781733713973;-0.111794467775842
./100nA/334nm.csv;0.513479212518128;3.03426708983139;0.00084388992199165;6.83093292330515;0.0352437912174755
./100nA/546nm.csv;0.276721819904687;4.95515437061611;0.0211783187119063;8.87192526782032;0.0244890689709915
./10nA/334.csv;0.498752682023012;3.25051022282671;0.0113542928150401;7.04581819445259;-0.00668778306031397
./10nA/365nm.csv;0.294398365892145;3.70221006261448;0.527012156497852;5.32071779378803;-0.0835661429951686
./10nA/577nm.csv;0.297651611115867;4.53211542099366;0.0576311643921879;8.2161335255349;-0.0293997315210469
./10nA/436nm.csv;0.00587431953574872;8.47059588972033;4.15888463868751;0.989625673741447;-0.287947022662502
./10nA/405nm.csv;0.167189610830895;3.44620677702017;1.19523591459843;3.62681991473042;-0.110212645409443
./10nA/FullSpectrum.csv;4.72600068904246e-05;1045.31981040775;6.4233368612008;0.403509183990846;-1.49603774796045
./10nA/313nm.csv;0.46461640801992;3.54033644105684;0.00675113102027031;6.76938496021394;-0.00790495604022438
./10nA/BackgroundLevel10nA.csv;0.446020100167792;1.46740287433641;0.000700748553400792;6.68938069532635;0.00748470753667216
./10nA/546nm.csv;0.0497088038828321;9.35467347613445;0.166057801089752;7.98920065823372;-0.0708069313906622
./1000nA/365nm.csv;0.444993059630112;4.70352252528573;0.00113887726697898;9.48079027106345;0.0385923606453244
./1000nA/577nm.csv;0.261356034271596;4.64638780438898;0.00033905746443748;9.10832116299372;0.0392721914633605
./1000nA/436nm.csv;0.367123246778083;4.33051631500792;0.00695593749370376;8.39916854033656;0.0357988824538349
./1000nA/baseline100nA.csv;8.07535633904178e-07;8.62804090939693e-05;-3.75401439288859e-05;7.27050605709805;0.0390002302519926
./1000nA/405nm.csv;0.407011062388626;5.20485576577569;0.000990749022214341;10.3764603767187;0.0381367603559898
./1000nA/313nm.csv;0.396024737475486;7.59975820844922;-0.006384302059724;0.0289678538359914;0.045700075090529
./1000nA/FullSpectrum1000nA.csv;0.38069300480701;4.90354011635424;0.0238742088958926;9.45699775146697;0.0196994025224937
./1000nA/334nm.csv;0.00776028581014032;0.000388897271904209;2.31542178273104e-05;7.26480725635999;0.039361587963112
./1000nA/546nm.csv;0.27057061880853;5.00230978486687;0.0018675408984921;9.16153306447008;0.0385210294666158
./100nA/365nm.csv;0.453898355992668;4.82182759744423;0.0104809401993139;9.70333716761626;0.0245431331147634
./100nA/577nm.csv;0.265736600975783;3.59227387688493;0.0120021956879835;6.47305901110644;0.0335249579448016
./100nA/436nm.csv;0.305325679725324;4.52084594415422;0.071264477115301;8.15570181211254;0.00380227879025976
./100nA/baseline100nA.csv;0.840836010095721;5.19520124632052;-3.24351129405533e-05;4.80559486044954;0.0363583921566507
./100nA/405nm.csv;0.410617455283191;4.87293235932435;0.0139307952043469;9.68030456701789;0.0216408959450759
./100nA/313nm.csv;0.465478322377815;2.39665174918139;0.00101053382661316;5.89068202864339;0.0353652160513538
./100nA/FullSpectrum100nA.csv;3.31674738341308e-05;20.2086804359434;2.51197744300442;0.336781733713973;-0.111794467775842
./100nA/334nm.csv;0.513479212518128;3.03426708983139;0.00084388992199165;6.83093292330515;0.0352437912174755
./100nA/546nm.csv;0.276721819904687;4.95515437061611;0.0211783187119063;8.87192526782032;0.0244890689709915
./10nA/334.csv;0.498752682023012;3.25051022282671;0.0113542928150401;7.04581819445259;-0.00668778306031397
./10nA/365nm.csv;0.294398365892145;3.70221006261448;0.527012156497852;5.32071779378803;-0.0835661429951686
./10nA/577nm.csv;0.297651611115867;4.53211542099366;0.0576311643921879;8.2161335255349;-0.0293997315210469
./10nA/436nm.csv;0.00587431953574872;8.47059588972033;4.15888463868751;0.989625673741447;-0.287947022662502
./10nA/405nm.csv;0.167189610830895;3.44620677702017;1.19523591459843;3.62681991473042;-0.110212645409443
./10nA/FullSpectrum.csv;4.72600068904246e-05;1045.31981040775;6.4233368612008;0.403509183990846;-1.49603774796045
./10nA/313nm.csv;0.46461640801992;3.54033644105684;0.00675113102027031;6.76938496021394;-0.00790495604022438
./10nA/BackgroundLevel10nA.csv;0.446020100167792;1.46740287433641;0.000700748553400792;6.68938069532635;0.00748470753667216
./10nA/546nm.csv;0.0497088038828321;9.35467347613445;0.166057801089752;7.98920065823372;-0.0708069313906622
./1000nA/365nm.csv;0.444993059630112;4.70352252528573;0.00113887726697898;9.48079027106345;0.0385923606453244
./1000nA/577nm.csv;0.261356034271596;4.64638780438898;0.00033905746443748;9.10832116299372;0.0392721914633605
./1000nA/436nm.csv;0.367123246778083;4.33051631500792;0.00695593749370376;8.39916854033656;0.0357988824538349
./1000nA/baseline100nA.csv;8.07535633904178e-07;8.62804090939693e-05;-3.75401439288859e-05;7.27050605709805;0.0390002302519926
./1000nA/405nm.csv;0.407011062388626;5.20485576577569;0.000990749022214341;10.3764603767187;0.0381367603559898
./1000nA/313nm.csv;0.396024737475486;7.59975820844922;-0.006384302059724;0.0289678538359914;0.045700075090529
./1000nA/FullSpectrum1000nA.csv;0.38069300480701;4.90354011635424;0.0238742088958926;9.45699775146697;0.0196994025224937
./1000nA/334nm.csv;0.00776028581014032;0.000388897271904209;2.31542178273104e-05;7.26480725635999;0.039361587963112
./1000nA/546nm.csv;0.27057061880853;5.00230978486687;0.0018675408984921;9.16153306447008;0.0385210294666158
./100nA/365nm.csv;0.453898355992668;4.82182759744423;0.0104809401993139;9.70333716761626;0.0245431331147634
./100nA/577nm.csv;0.265736600975783;3.59227387688493;0.0120021956879835;6.47305901110644;0.0335249579448016
./100nA/436nm.csv;0.305325679725324;4.52084594415422;0.071264477115301;8.15570181211254;0.00380227879025976
./100nA/baseline100nA.csv;0.840836010095721;5.19520124632052;-3.24351129405533e-05;4.80559486044954;0.0363583921566507
./100nA/405nm.csv;0.410617455283191;4.87293235932435;0.0139307952043469;9.68030456701789;0.0216408959450759
./100nA/313nm.csv;0.465478322377815;2.39665174918139;0.00101053382661316;5.89068202864339;0.0353652160513538
./100nA/FullSpectrum100nA.csv;3.31674738341308e-05;20.2086804359434;2.51197744300442;0.336781733713973;-0.111794467775842
./100nA/334nm.csv;0.513479212518128;3.03426708983139;0.00084388992199165;6.83093292330515;0.0352437912174755
./100nA/546nm.csv;0.276721819904687;4.95515437061611;0.0211783187119063;8.87192526782032;0.0244890689709915
./10nA/334.csv;0.498752682023012;3.25051022282671;0.0113542928150401;7.04581819445259;-0.00668778306031397
./10nA/365nm.csv;0.294398365892145;3.70221006261448;0.527012156497852;5.32071779378803;-0.0835661429951686
./10nA/577nm.csv;0.297651611115867;4.53211542099366;0.0576311643921879;8.2161335255349;-0.0293997315210469
./10nA/436nm.csv;0.00587431953574872;8.47059588972033;4.15888463868751;0.989625673741447;-0.287947022662502
./10nA/405nm.csv;0.167189610830895;3.44620677702017;1.19523591459843;3.62681991473042;-0.110212645409443
./10nA/FullSpectrum.csv;4.72600068904246e-05;1045.31981040775;6.4233368612008;0.403509183990846;-1.49603774796045
./10nA/313nm.csv;0.46461640801992;3.54033644105684;0.00675113102027031;6.76938496021394;-0.00790495604022438
./10nA/BackgroundLevel10nA.csv;0.446020100167792;1.46740287433641;0.000700748553400792;6.68938069532635;0.00748470753667216
./10nA/546nm.csv;0.0497088038828321;9.35467347613445;0.166057801089752;7.98920065823372;-0.0708069313906622
./1000nA/365nm.csv;0.444993059630112;4.70352252528573;0.00113887726697898;9.48079027106345;0.0385923606453244
./1000nA/577nm.csv;0.261356034271596;4.64638780438898;0.00033905746443748;9.10832116299372;0.0392721914633605
./1000nA/436nm.csv;0.367123246778083;4.33051631500792;0.00695593749370376;8.39916854033656;0.0357988824538349
./1000nA/baseline100nA.csv;8.07535633904178e-07;8.62804090939693e-05;-3.75401439288859e-05;7.27050605709805;0.0390002302519926
./1000nA/405nm.csv;0.407011062388626;5.20485576577569;0.000990749022214341;10.3764603767187;0.0381367603559898
./1000nA/313nm.csv;0.396024737475486;7.59975820844922;-0.006384302059724;0.0289678538359914;0.045700075090529
./1000nA/FullSpectrum1000nA.csv;0.38069300480701;4.90354011635424;0.0238742088958926;9.45699775146697;0.0196994025224937
./1000nA/334nm.csv;0.00776028581014032;0.000388897271904209;2.31542178273104e-05;7.26480725635999;0.039361587963112
./1000nA/546nm.csv;0.27057061880853;5.00230978486687;0.0018675408984921;9.16153306447008;0.0385210294666158
./100nA/365nm.csv;0.453898355992668;4.82182759744423;0.0104809401993139;9.70333716761626;0.0245431331147634
./100nA/577nm.csv;0.265736600975783;3.59227387688493;0.0120021956879835;6.47305901110644;0.0335249579448016
./100nA/436nm.csv;0.305325679725324;4.52084594415422;0.071264477115301;8.15570181211254;0.00380227879025976
./100nA/baseline100nA.csv;0.840836010095721;5.19520124632052;-3.24351129405533e-05;4.80559486044954;0.0363583921566507
./100nA/405nm.csv;0.410617455283191;4.87293235932435;0.0139307952043469;9.68030456701789;0.0216408959450759
./100nA/313nm.csv;0.465478322377815;2.39665174918139;0.00101053382661316;5.89068202864339;0.0353652160513538
./100nA/FullSpectrum100nA.csv;3.31674738341308e-05;20.2086804359434;2.51197744300442;0.336781733713973;-0.111794467775842
./100nA/334nm.csv;0.513479212518128;3.03426708983139;0.00084388992199165;6.83093292330515;0.0352437912174755
./100nA/546nm.csv;0.276721819904687;4.95515437061611;0.0211783187119063;8.87192526782032;0.0244890689709915
./10nA/334.csv;0.498752682023012;3.25051022282671;0.0113542928150401;7.04581819445259;-0.00668778306031397
./10nA/365nm.csv;0.294398365892145;3.70221006261448;0.527012156497852;5.32071779378803;-0.0835661429951686
./10nA/577nm.csv;0.297651611115867;4.53211542099366;0.0576311643921879;8.2161335255349;-0.0293997315210469
./10nA/436nm.csv;0.00587431953574872;8.47059588972033;4.15888463868751;0.989625673741447;-0.287947022662502
./10nA/405nm.csv;0.167189610830895;3.44620677702017;1.19523591459843;3.62681991473042;-0.110212645409443
./10nA/FullSpectrum.csv;4.72600068904246e-05;1045.31981040775;6.4233368612008;0.403509183990846;-1.49603774796045
./10nA/313nm.csv;0.46461640801992;3.54033644105684;0.00675113102027031;6.76938496021394;-0.00790495604022438
./10nA/BackgroundLevel10nA.csv;0.446020100167792;1.46740287433641;0.000700748553400792;6.68938069532635;0.00748470753667216
./10nA/546nm.csv;0.0497088038828321;9.35467347613445;0.166057801089752;7.98920065823372;-0.0708069313906622
./1000nA/365nm.csv;0.444993059630112;4.70352252528573;0.00113887726697898;9.48079027106345;0.0385923606453244
./1000nA/577nm.csv;0.261356034271596;4.64638780438898;0.00033905746443748;9.10832116299372;0.0392721914633605
./1000nA/436nm.csv;0.367123246778083;4.33051631500792;0.00695593749370376;8.39916854033656;0.0357988824538349
./1000nA/baseline100nA.csv;8.07535633904178e-07;8.62804090939693e-05;-3.75401439288859e-05;7.27050605709805;0.0390002302519926
./1000nA/405nm.csv;0.407011062388626;5.20485576577569;0.000990749022214341;10.3764603767187;0.0381367603559898
./1000nA/313nm.csv;0.396024737475486;7.59975820844922;-0.006384302059724;0.0289678538359914;0.045700075090529
./1000nA/FullSpectrum1000nA.csv;0.38069300480701;4.90354011635424;0.0238742088958926;9.45699775146697;0.0196994025224937
./1000nA/334nm.csv;0.00776028581014032;0.000388897271904209;2.31542178273104e-05;7.26480725635999;0.039361587963112
./1000nA/546nm.csv;0.27057061880853;5.00230978486687;0.0018675408984921;9.16153306447008;0.0385210294666158
./100nA/365nm.csv;0.453898355992668;4.82182759744423;0.0104809401993139;9.70333716761626;0.0245431331147634
./100nA/577nm.csv;0.265736600975783;3.59227387688493;0.0120021956879835;6.47305901110644;0.0335249579448016
./100nA/436nm.csv;0.305325679725324;4.52084594415422;0.071264477115301;8.15570181211254;0.00380227879025976
./100nA/baseline100nA.csv;0.840836010095721;5.19520124632052;-3.24351129405533e-05;4.80559486044954;0.0363583921566507
./100nA/405nm.csv;0.410617455283191;4.87293235932435;0.0139307952043469;9.68030456701789;0.0216408959450759
./100nA/313nm.csv;0.465478322377815;2.39665174918139;0.00101053382661316;5.89068202864339;0.0353652160513538
./100nA/FullSpectrum100nA.csv;3.31674738341308e-05;20.2086804359434;2.51197744300442;0.336781733713973;-0.111794467775842
./100nA/334nm.csv;0.513479212518128;3.03426708983139;0.00084388992199165;6.83093292330515;0.0352437912174755
./100nA/546nm.csv;0.276721819904687;4.95515437061611;0.0211783187119063;8.87192526782032;0.0244890689709915
./10nA/334.csv;0.498752682023012;3.25051022282671;0.0113542928150401;7.04581819445259;-0.00668778306031397
./10nA/365nm.csv;0.294398365892145;3.70221006261448;0.527012156497852;5.32071779378803;-0.0835661429951686
./10nA/577nm.csv;0.297651611115867;4.53211542099366;0.0576311643921879;8.2161335255349;-0.0293997315210469
./10nA/436nm.csv;0.00587431953574872;8.47059588972033;4.15888463868751;0.989625673741447;-0.287947022662502
./10nA/405nm.csv;0.167189610830895;3.44620677702017;1.19523591459843;3.62681991473042;-0.110212645409443
./10nA/FullSpectrum.csv;4.72600068904246e-05;1045.31981040775;6.4233368612008;0.403509183990846;-1.49603774796045
./10nA/313nm.csv;0.46461640801992;3.54033644105684;0.00675113102027031;6.76938496021394;-0.00790495604022438
./10nA/BackgroundLevel10nA.csv;0.446020100167792;1.46740287433641;0.000700748553400792;6.68938069532635;0.00748470753667216
./10nA/546nm.csv;0.0497088038828321;9.35467347613445;0.166057801089752;7.98920065823372;-0.0708069313906622
./1000nA/365nm.csv;0.444993059630112;4.70352252528573;0.00113887726697898;9.48079027106345;0.0385923606453244
./1000nA/577nm.csv;0.261356034271596;4.64638780438898;0.00033905746443748;9.10832116299372;0.0392721914633605
./1000nA/436nm.csv;0.367123246778083;4.33051631500792;0.00695593749370376;8.39916854033656;0.0357988824538349
./1000nA/baseline100nA.csv;8.07535633904178e-07;8.62804090939693e-05;-3.75401439288859e-05;7.27050605709805;0.0390002302519926
./1000nA/405nm.csv;0.407011062388626;5.20485576577569;0.000990749022214341;10.3764603767187;0.0381367603559898
./1000nA/313nm.csv;0.396024737475486;7.59975820844922;-0.006384302059724;0.0289678538359914;0.045700075090529
./1000nA/FullSpectrum1000nA.csv;0.38069300480701;4.90354011635424;0.0238742088958926;9.45699775146697;0.0196994025224937
./1000nA/334nm.csv;0.00776028581014032;0.000388897271904209;2.31542178273104e-05;7.26480725635999;0.039361587963112
./1000nA/546nm.csv;0.27057061880853;5.00230978486687;0.0018675408984921;9.16153306447008;0.0385210294666158
./100nA/365nm.csv;0.453898355992668;4.82182759744423;0.0104809401993139;9.70333716761626;0.0245431331147634
./100nA/577nm.csv;0.265736600975783;3.59227387688493;0.0120021956879835;6.47305901110644;0.0335249579448016
./100nA/436nm.csv;0.305325679725324;4.52084594415422;0.071264477115301;8.15570181211254;0.00380227879025976
./100nA/baseline100nA.csv;0.840836010095721;5.19520124632052;-3.24351129405533e-05;4.80559486044954;0.0363583921566507
./100nA/405nm.csv;0.410617455283191;4.87293235932435;0.0139307952043469;9.68030456701789;0.0216408959450759
./100nA/313nm.csv;0.465478322377815;2.39665174918139;0.00101053382661316;5.89068202864339;0.0353652160513538
./100nA/FullSpectrum100nA.csv;3.31674738341308e-05;20.2086804359434;2.51197744300442;0.336781733713973;-0.111794467775842
./100nA/334nm.csv;0.513479212518128;3.03426708983139;0.00084388992199165;6.83093292330515;0.0352437912174755
./100nA/546nm.csv;0.276721819904687;4.95515437061611;0.0211783187119063;8.87192526782032;0.0244890689709915
./10nA/334.csv;0.498752682023012;3.25051022282671;0.0113542928150401;7.04581819445259;-0.00668778306031397
./10nA/365nm.csv;0.294398365892145;3.70221006261448;0.527012156497852;5.32071779378803;-0.0835661429951686
./10nA/577nm.csv;0.297651611115867;4.53211542099366;0.0576311643921879;8.2161335255349;-0.0293997315210469
./10nA/436nm.csv;0.00587431953574872;8.47059588972033;4.15888463868751;0.989625673741447;-0.287947022662502
./10nA/405nm.csv;0.167189610830895;3.44620677702017;1.19523591459843;3.62681991473042;-0.110212645409443
./10nA/FullSpectrum.csv;4.72600068904246e-05;1045.31981040775;6.4233368612008;0.403509183990846;-1.49603774796045
./10nA/313nm.csv;0.46461640801992;3.54033644105684;0.00675113102027031;6.76938496021394;-0.00790495604022438
./10nA/BackgroundLevel10nA.csv;0.446020100167792;1.46740287433641;0.000700748553400792;6.68938069532635;0.00748470753667216
./10nA/546nm.csv;0.0497088038828321;9.35467347613445;0.166057801089752;7.98920065823372;-0.0708069313906622
./1000nA/365nm.csv;0.444993059630112;4.70352252528573;0.00113887726697898;9.48079027106345;0.0385923606453244
./1000nA/577nm.csv;0.261356034271596;4.64638780438898;0.00033905746443748;9.10832116299372;0.0392721914633605
./1000nA/436nm.csv;0.367123246778083;4.33051631500792;0.00695593749370376;8.39916854033656;0.0357988824538349
./1000nA/baseline100nA.csv;8.07535633904178e-07;8.62804090939693e-05;-3.75401439288859e-05;7.27050605709805;0.0390002302519926
./1000nA/405nm.csv;0.407011062388626;5.20485576577569;0.000990749022214341;10.3764603767187;0.0381367603559898
./1000nA/313nm.csv;0.396024737475486;7.59975820844922;-0.006384302059724;0.0289678538359914;0.045700075090529
./1000nA/FullSpectrum1000nA.csv;0.38069300480701;4.90354011635424;0.0238742088958926;9.45699775146697;0.0196994025224937
./1000nA/334nm.csv;0.00776028581014032;0.000388897271904209;2.31542178273104e-05;7.26480725635999;0.039361587963112
./1000nA/546nm.csv;0.27057061880853;5.00230978486687;0.0018675408984921;9.16153306447008;0.0385210294666158
./100nA/365nm.csv;0.453898355992668;4.82182759744423;0.0104809401993139;9.70333716761626;0.0245431331147634
./100nA/577nm.csv;0.265736600975783;3.59227387688493;0.0120021956879835;6.47305901110644;0.0335249579448016
./100nA/436nm.csv;0.305325679725324;4.52084594415422;0.071264477115301;8.15570181211254;0.00380227879025976
./100nA/baseline100nA.csv;0.840836010095721;5.19520124632052;-3.24351129405533e-05;4.80559486044954;0.0363583921566507
./100nA/405nm.csv;0.410617455283191;4.87293235932435;0.0139307952043469;9.68030456701789;0.0216408959450759
./100nA/313nm.csv;0.465478322377815;2.39665174918139;0.00101053382661316;5.89068202864339;0.0353652160513538
./100nA/FullSpectrum100nA.csv;3.31674738341308e-05;20.2086804359434;2.51197744300442;0.336781733713973;-0.111794467775842
./100nA/334nm.csv;0.513479212518128;3.03426708983139;0.00084388992199165;6.83093292330515;0.0352437912174755
./100nA/546nm.csv;0.276721819904687;4.95515437061611;0.0211783187119063;8.87192526782032;0.0244890689709915
./10nA/334.csv;0.498752682023012;3.25051022282671;0.0113542928150401;7.04581819445259;-0.00668778306031397
./10nA/365nm.csv;0.294398365892145;3.70221006261448;0.527012156497852;5.32071779378803;-0.0835661429951686
./10nA/577nm.csv;0.297651611115867;4.53211542099366;0.0576311643921879;8.2161335255349;-0.0293997315210469
./10nA/436nm.csv;0.00587431953574872;8.47059588972033;4.15888463868751;0.989625673741447;-0.287947022662502
./10nA/405nm.csv;0.167189610830895;3.44620677702017;1.19523591459843;3.62681991473042;-0.110212645409443
./10nA/FullSpectrum.csv;4.72600068904246e-05;1045.31981040775;6.4233368612008;0.403509183990846;-1.49603774796045
./10nA/313nm.csv;0.46461640801992;3.54033644105684;0.00675113102027031;6.76938496021394;-0.00790495604022438
./10nA/BackgroundLevel10nA.csv;0.446020100167792;1.46740287433641;0.000700748553400792;6.68938069532635;0.00748470753667216
./10nA/546nm.csv;0.0497088038828321;9.35467347613445;0.166057801089752;7.98920065823372;-0.0708069313906622
./1000nA/365nm.csv;0.444993059630112;4.70352252528573;0.00113887726697898;9.48079027106345;0.0385923606453244
./1000nA/577nm.csv;0.261356034271596;4.64638780438898;0.00033905746443748;9.10832116299372;0.0392721914633605
./1000nA/436nm.csv;0.367123246778083;4.33051631500792;0.00695593749370376;8.39916854033656;0.0357988824538349
./1000nA/baseline100nA.csv;8.07535633904178e-07;8.62804090939693e-05;-3.75401439288859e-05;7.27050605709805;0.0390002302519926
./1000nA/405nm.csv;0.407011062388626;5.20485576577569;0.000990749022214341;10.3764603767187;0.0381367603559898
./1000nA/313nm.csv;0.396024737475486;7.59975820844922;-0.006384302059724;0.0289678538359914;0.045700075090529
./1000nA/FullSpectrum1000nA.csv;0.38069300480701;4.90354011635424;0.0238742088958926;9.45699775146697;0.0196994025224937
./1000nA/334nm.csv;0.00776028581014032;0.000388897271904209;2.31542178273104e-05;7.26480725635999;0.039361587963112
./1000nA/546nm.csv;0.27057061880853;5.00230978486687;0.0018675408984921;9.16153306447008;0.0385210294666158
./100nA/365nm.csv;0.453898355992668;4.82182759744423;0.0104809401993139;9.70333716761626;0.0245431331147634
./100nA/577nm.csv;0.265736600975783;3.59227387688493;0.0120021956879835;6.47305901110644;0.0335249579448016
./100nA/436nm.csv;0.305325679725324;4.52084594415422;0.071264477115301;8.15570181211254;0.00380227879025976
./100nA/baseline100nA.csv;0.840836010095721;5.19520124632052;-3.24351129405533e-05;4.80559486044954;0.0363583921566507
./100nA/405nm.csv;0.410617455283191;4.87293235932435;0.0139307952043469;9.68030456701789;0.0216408959450759
./100nA/313nm.csv;0.465478322377815;2.39665174918139;0.00101053382661316;5.89068202864339;0.0353652160513538
./100nA/FullSpectrum100nA.csv;3.31674738341308e-05;20.2086804359434;2.51197744300442;0.336781733713973;-0.111794467775842
./100nA/334nm.csv;0.513479212518128;3.03426708983139;0.00084388992199165;6.83093292330515;0.0352437912174755
./100nA/546nm.csv;0.276721819904687;4.95515437061611;0.0211783187119063;8.87192526782032;0.0244890689709915
./10nA/334.csv;0.498752682023012;3.25051022282671;0.0113542928150401;7.04581819445259;-0.00668778306031397
./10nA/365nm.csv;0.294398365892145;3.70221006261448;0.527012156497852;5.32071779378803;-0.0835661429951686
./10nA/577nm.csv;0.297651611115867;4.53211542099366;0.0576311643921879;8.2161335255349;-0.0293997315210469
./10nA/436nm.csv;0.00587431953574872;8.47059588972033;4.15888463868751;0.989625673741447;-0.287947022662502
./10nA/405nm.csv;0.167189610830895;3.44620677702017;1.19523591459843;3.62681991473042;-0.110212645409443
./10nA/FullSpectrum.csv;4.72600068904246e-05;1045.31981040775;6.4233368612008;0.403509183990846;-1.49603774796045
./10nA/313nm.csv;0.46461640801992;3.54033644105684;0.00675113102027031;6.76938496021394;-0.00790495604022438
./10nA/BackgroundLevel10nA.csv;0.446020100167792;1.46740287433641;0.000700748553400792;6.68938069532635;0.00748470753667216
./10nA/546nm.csv;0.0497088038828321;9.35467347613445;0.166057801089752;7.98920065823372;-0.0708069313906622
./1000nA/365nm.csv;0.444993059630112;4.70352252528573;0.00113887726697898;9.48079027106345;0.0385923606453244
./1000nA/577nm.csv;0.261356034271596;4.64638780438898;0.00033905746443748;9.10832116299372;0.0392721914633605
./1000nA/436nm.csv;0.367123246778083;4.33051631500792;0.00695593749370376;8.39916854033656;0.0357988824538349
./1000nA/baseline100nA.csv;8.07535633904178e-07;8.62804090939693e-05;-3.75401439288859e-05;7.27050605709805;0.0390002302519926
./1000nA/405nm.csv;0.407011062388626;5.20485576577569;0.000990749022214341;10.3764603767187;0.0381367603559898
./1000nA/313nm.csv;0.396024737475486;7.59975820844922;-0.006384302059724;0.0289678538359914;0.045700075090529
./1000nA/FullSpectrum1000nA.csv;0.38069300480701;4.90354011635424;0.0238742088958926;9.45699775146697;0.0196994025224937
./1000nA/334nm.csv;0.00776028581014032;0.000388897271904209;2.31542178273104e-05;7.26480725635999;0.039361587963112
./1000nA/546nm.csv;0.27057061880853;5.00230978486687;0.0018675408984921;9.16153306447008;0.0385210294666158
./100nA/365nm.csv;0.453898355992668;4.82182759744423;0.0104809401993139;9.70333716761626;0.0245431331147634
./100nA/577nm.csv;0.265736600975783;3.59227387688493;0.0120021956879835;6.47305901110644;0.0335249579448016
./100nA/436nm.csv;0.305325679725324;4.52084594415422;0.071264477115301;8.15570181211254;0.00380227879025976
./100nA/baseline100nA.csv;0.840836010095721;5.19520124632052;-3.24351129405533e-05;4.80559486044954;0.0363583921566507
./100nA/405nm.csv;0.410617455283191;4.87293235932435;0.0139307952043469;9.68030456701789;0.0216408959450759
./100nA/313nm.csv;0.465478322377815;2.39665174918139;0.00101053382661316;5.89068202864339;0.0353652160513538
./100nA/FullSpectrum100nA.csv;3.31674738341308e-05;20.2086804359434;2.51197744300442;0.336781733713973;-0.111794467775842
./100nA/334nm.csv;0.513479212518128;3.03426708983139;0.00084388992199165;6.83093292330515;0.0352437912174755
./100nA/546nm.csv;0.276721819904687;4.95515437061611;0.0211783187119063;8.87192526782032;0.0244890689709915
./10nA/334.csv;0.498752682023012;3.25051022282671;0.0113542928150401;7.04581819445259;-0.00668778306031397
./10nA/365nm.csv;0.294398365892145;3.70221006261448;0.527012156497852;5.32071779378803;-0.0835661429951686
./10nA/577nm.csv;0.297651611115867;4.53211542099366;0.0576311643921879;8.2161335255349;-0.0293997315210469
./10nA/436nm.csv;0.00587431953574872;8.47059588972033;4.15888463868751;0.989625673741447;-0.287947022662502
./10nA/405nm.csv;0.167189610830895;3.44620677702017;1.19523591459843;3.62681991473042;-0.110212645409443
./10nA/FullSpectrum.csv;4.72600068904246e-05;1045.31981040775;6.4233368612008;0.403509183990846;-1.49603774796045
./10nA/313nm.csv;0.46461640801992;3.54033644105684;0.00675113102027031;6.76938496021394;-0.00790495604022438
./10nA/BackgroundLevel10nA.csv;0.446020100167792;1.46740287433641;0.000700748553400792;6.68938069532635;0.00748470753667216
./10nA/546nm.csv;0.0497088038828321;9.35467347613445;0.166057801089752;7.98920065823372;-0.0708069313906622
./1000nA/365nm.csv;0.444993059630112;4.70352252528573;0.00113887726697898;9.48079027106345;0.0385923606453244
./1000nA/577nm.csv;0.261356034271596;4.64638780438898;0.00033905746443748;9.10832116299372;0.0392721914633605
./1000nA/436nm.csv;0.367123246778083;4.33051631500792;0.00695593749370376;8.39916854033656;0.0357988824538349
./1000nA/baseline100nA.csv;8.07535633904178e-07;8.62804090939693e-05;-3.75401439288859e-05;7.27050605709805;0.0390002302519926
./1000nA/405nm.csv;0.407011062388626;5.20485576577569;0.000990749022214341;10.3764603767187;0.0381367603559898
./1000nA/313nm.csv;0.396024737475486;7.59975820844922;-0.006384302059724;0.0289678538359914;0.045700075090529
./1000nA/FullSpectrum1000nA.csv;0.38069300480701;4.90354011635424;0.0238742088958926;9.45699775146697;0.0196994025224937
./1000nA/334nm.csv;0.00776028581014032;0.000388897271904209;2.31542178273104e-05;7.26480725635999;0.039361587963112
./1000nA/546nm.csv;0.27057061880853;5.00230978486687;0.0018675408984921;9.16153306447008;0.0385210294666158
./100nA/365nm.csv;0.453898355992668;4.82182759744423;0.0104809401993139;9.70333716761626;0.0245431331147634
./100nA/577nm.csv;0.265736600975783;3.59227387688493;0.0120021956879835;6.47305901110644;0.0335249579448016
./100nA/436nm.csv;0.305325679725324;4.52084594415422;0.071264477115301;8.15570181211254;0.00380227879025976
./100nA/baseline100nA.csv;0.840836010095721;5.19520124632052;-3.24351129405533e-05;4.80559486044954;0.0363583921566507
./100nA/405nm.csv;0.410617455283191;4.87293235932435;0.0139307952043469;9.68030456701789;0.0216408959450759
./100nA/313nm.csv;0.465478322377815;2.39665174918139;0.00101053382661316;5.89068202864339;0.0353652160513538
./100nA/FullSpectrum100nA.csv;3.31674738341308e-05;20.2086804359434;2.51197744300442;0.336781733713973;-0.111794467775842
./100nA/334nm.csv;0.513479212518128;3.03426708983139;0.00084388992199165;6.83093292330515;0.0352437912174755
./100nA/546nm.csv;0.276721819904687;4.95515437061611;0.0211783187119063;8.87192526782032;0.0244890689709915
./10nA/334.csv;0.498752682023012;3.25051022282671;0.0113542928150401;7.04581819445259;-0.00668778306031397
./10nA/365nm.csv;0.294398365892145;3.70221006261448;0.527012156497852;5.32071779378803;-0.0835661429951686
./10nA/577nm.csv;0.297651611115867;4.53211542099366;0.0576311643921879;8.2161335255349;-0.0293997315210469
./10nA/436nm.csv;0.00587431953574872;8.47059588972033;4.15888463868751;0.989625673741447;-0.287947022662502
./10nA/405nm.csv;0.167189610830895;3.44620677702017;1.19523591459843;3.62681991473042;-0.110212645409443
./10nA/FullSpectrum.csv;4.72600068904246e-05;1045.31981040775;6.4233368612008;0.403509183990846;-1.49603774796045
./10nA/313nm.csv;0.46461640801992;3.54033644105684;0.00675113102027031;6.76938496021394;-0.00790495604022438
./10nA/BackgroundLevel10nA.csv;0.446020100167792;1.46740287433641;0.000700748553400792;6.68938069532635;0.00748470753667216
./10nA/546nm.csv;0.0497088038828321;9.35467347613445;0.166057801089752;7.98920065823372;-0.0708069313906622
./1000nA/365nm.csv;0.444993059630112;4.70352252528573;0.00113887726697898;9.48079027106345;0.0385923606453244
./1000nA/577nm.csv;0.261356034271596;4.64638780438898;0.00033905746443748;9.10832116299372;0.0392721914633605
./1000nA/436nm.csv;0.367123246778083;4.33051631500792;0.00695593749370376;8.39916854033656;0.0357988824538349
./1000nA/baseline100nA.csv;8.07535633904178e-07;8.62804090939693e-05;-3.75401439288859e-05;7.27050605709805;0.0390002302519926
./1000nA/405nm.csv;0.407011062388626;5.20485576577569;0.000990749022214341;10.3764603767187;0.0381367603559898
./1000nA/313nm.csv;0.396024737475486;7.59975820844922;-0.006384302059724;0.0289678538359914;0.045700075090529
./1000nA/FullSpectrum1000nA.csv;0.38069300480701;4.90354011635424;0.0238742088958926;9.45699775146697;0.0196994025224937
./1000nA/334nm.csv;0.00776028581014032;0.000388897271904209;2.31542178273104e-05;7.26480725635999;0.039361587963112
./1000nA/546nm.csv;0.27057061880853;5.00230978486687;0.0018675408984921;9.16153306447008;0.0385210294666158
./100nA/365nm.csv;0.453898355992668;4.82182759744423;0.0104809401993139;9.70333716761626;0.0245431331147634
./100nA/577nm.csv;0.265736600975783;3.59227387688493;0.0120021956879835;6.47305901110644;0.0335249579448016
./100nA/436nm.csv;0.305325679725324;4.52084594415422;0.071264477115301;8.15570181211254;0.00380227879025976
./100nA/baseline100nA.csv;0.840836010095721;5.19520124632052;-3.24351129405533e-05;4.80559486044954;0.0363583921566507
./100nA/405nm.csv;0.410617455283191;4.87293235932435;0.0139307952043469;9.68030456701789;0.0216408959450759
./100nA/313nm.csv;0.465478322377815;2.39665174918139;0.00101053382661316;5.89068202864339;0.0353652160513538
./100nA/FullSpectrum100nA.csv;3.31674738341308e-05;20.2086804359434;2.51197744300442;0.336781733713973;-0.111794467775842
./100nA/334nm.csv;0.513479212518128;3.03426708983139;0.00084388992199165;6.83093292330515;0.0352437912174755
./100nA/546nm.csv;0.276721819904687;4.95515437061611;0.0211783187119063;8.87192526782032;0.0244890689709915
./10nA/334.csv;0.498752682023012;3.25051022282671;0.0113542928150401;7.04581819445259;-0.00668778306031397
./10nA/365nm.csv;0.294398365892145;3.70221006261448;0.527012156497852;5.32071779378803;-0.0835661429951686
./10nA/577nm.csv;0.297651611115867;4.53211542099366;0.0576311643921879;8.2161335255349;-0.0293997315210469
./10nA/436nm.csv;0.00587431953574872;8.47059588972033;4.15888463868751;0.989625673741447;-0.287947022662502
./10nA/405nm.csv;0.167189610830895;3.44620677702017;1.19523591459843;3.62681991473042;-0.110212645409443
./10nA/FullSpectrum.csv;4.72600068904246e-05;1045.31981040775;6.4233368612008;0.403509183990846;-1.49603774796045
./10nA/313nm.csv;0.46461640801992;3.54033644105684;0.00675113102027031;6.76938496021394;-0.00790495604022438
./10nA/BackgroundLevel10nA.csv;0.446020100167792;1.46740287433641;0.000700748553400792;6.68938069532635;0.00748470753667216
./10nA/546nm.csv;0.0497088038828321;9.35467347613445;0.166057801089752;7.98920065823372;-0.0708069313906622
./1000nA/365nm.csv;0.444993059630112;4.70352252528573;0.00113887726697898;9.48079027106345;0.0385923606453244
./1000nA/577nm.csv;0.261356034271596;4.64638780438898;0.00033905746443748;9.10832116299372;0.0392721914633605
./1000nA/436nm.csv;0.367123246778083;4.33051631500792;0.00695593749370376;8.39916854033656;0.0357988824538349
./1000nA/baseline100nA.csv;8.07535633904178e-07;8.62804090939693e-05;-3.75401439288859e-05;7.27050605709805;0.0390002302519926
./1000nA/405nm.csv;0.407011062388626;5.20485576577569;0.000990749022214341;10.3764603767187;0.0381367603559898
./1000nA/313nm.csv;0.396024737475486;7.59975820844922;-0.006384302059724;0.0289678538359914;0.045700075090529
./1000nA/FullSpectrum1000nA.csv;0.38069300480701;4.90354011635424;0.0238742088958926;9.45699775146697;0.0196994025224937
./1000nA/334nm.csv;0.00776028581014032;0.000388897271904209;2.31542178273104e-05;7.26480725635999;0.039361587963112
./1000nA/546nm.csv;0.27057061880853;5.00230978486687;0.0018675408984921;9.16153306447008;0.0385210294666158
./100nA/365nm.csv;0.453898355992668;4.82182759744423;0.0104809401993139;9.70333716761626;0.0245431331147634
./100nA/577nm.csv;0.265736600975783;3.59227387688493;0.0120021956879835;6.47305901110644;0.0335249579448016
./100nA/436nm.csv;0.305325679725324;4.52084594415422;0.071264477115301;8.15570181211254;0.00380227879025976
./100nA/baseline100nA.csv;0.840836010095721;5.19520124632052;-3.24351129405533e-05;4.80559486044954;0.0363583921566507
./100nA/405nm.csv;0.410617455283191;4.87293235932435;0.0139307952043469;9.68030456701789;0.0216408959450759
./100nA/313nm.csv;0.465478322377815;2.39665174918139;0.00101053382661316;5.89068202864339;0.0353652160513538
./100nA/FullSpectrum100nA.csv;3.31674738341308e-05;20.2086804359434;2.51197744300442;0.336781733713973;-0.111794467775842
./100nA/334nm.csv;0.513479212518128;3.03426708983139;0.00084388992199165;6.83093292330515;0.0352437912174755
./100nA/546nm.csv;0.276721819904687;4.95515437061611;0.0211783187119063;8.87192526782032;0.0244890689709915
./10nA/334.csv;0.498752682023012;3.25051022282671;0.0113542928150401;7.04581819445259;-0.00668778306031397
./10nA/365nm.csv;0.294398365892145;3.70221006261448;0.527012156497852;5.32071779378803;-0.0835661429951686
./10nA/577nm.csv;0.297651611115867;4.53211542099366;0.0576311643921879;8.2161335255349;-0.0293997315210469
./10nA/436nm.csv;0.00587431953574872;8.47059588972033;4.15888463868751;0.989625673741447;-0.287947022662502
./10nA/405nm.csv;0.167189610830895;3.44620677702017;1.19523591459843;3.62681991473042;-0.110212645409443
./10nA/FullSpectrum.csv;4.72600068904246e-05;1045.31981040775;6.4233368612008;0.403509183990846;-1.49603774796045
./10nA/313nm.csv;0.46461640801992;3.54033644105684;0.00675113102027031;6.76938496021394;-0.00790495604022438
./10nA/BackgroundLevel10nA.csv;0.446020100167792;1.46740287433641;0.000700748553400792;6.68938069532635;0.00748470753667216
./10nA/546nm.csv;0.0497088038828321;9.35467347613445;0.166057801089752;7.98920065823372;-0.0708069313906622
./1000nA/365nm.csv;0.444993059630112;4.70352252528573;0.00113887726697898;9.48079027106345;0.0385923606453244
./1000nA/577nm.csv;0.261356034271596;4.64638780438898;0.00033905746443748;9.10832116299372;0.0392721914633605
./1000nA/436nm.csv;0.367123246778083;4.33051631500792;0.00695593749370376;8.39916854033656;0.0357988824538349
./1000nA/baseline100nA.csv;8.07535633904178e-07;8.62804090939693e-05;-3.75401439288859e-05;7.27050605709805;0.0390002302519926
./1000nA/405nm.csv;0.407011062388626;5.20485576577569;0.000990749022214341;10.3764603767187;0.0381367603559898
./1000nA/313nm.csv;0.396024737475486;7.59975820844922;-0.006384302059724;0.0289678538359914;0.045700075090529
./1000nA/FullSpectrum1000nA.csv;0.38069300480701;4.90354011635424;0.0238742088958926;9.45699775146697;0.0196994025224937
./1000nA/334nm.csv;0.00776028581014032;0.000388897271904209;2.31542178273104e-05;7.26480725635999;0.039361587963112
./1000nA/546nm.csv;0.27057061880853;5.00230978486687;0.0018675408984921;9.16153306447008;0.0385210294666158
./100nA/365nm.csv;0.453898355992668;4.82182759744423;0.0104809401993139;9.70333716761626;0.0245431331147634
./100nA/577nm.csv;0.265736600975783;3.59227387688493;0.0120021956879835;6.47305901110644;0.0335249579448016
./100nA/436nm.csv;0.305325679725324;4.52084594415422;0.071264477115301;8.15570181211254;0.00380227879025976
./100nA/baseline100nA.csv;0.840836010095721;5.19520124632052;-3.24351129405533e-05;4.80559486044954;0.0363583921566507
./100nA/405nm.csv;0.410617455283191;4.87293235932435;0.0139307952043469;9.68030456701789;0.0216408959450759
./100nA/313nm.csv;0.465478322377815;2.39665174918139;0.00101053382661316;5.89068202864339;0.0353652160513538
./100nA/FullSpectrum100nA.csv;3.31674738341308e-05;20.2086804359434;2.51197744300442;0.336781733713973;-0.111794467775842
./100nA/334nm.csv;0.513479212518128;3.03426708983139;0.00084388992199165;6.83093292330515;0.0352437912174755
./100nA/546nm.csv;0.276721819904687;4.95515437061611;0.0211783187119063;8.87192526782032;0.0244890689709915
./10nA/334.csv;0.498752682023012;3.25051022282671;0.0113542928150401;7.04581819445259;-0.00668778306031397
./10nA/365nm.csv;0.294398365892145;3.70221006261448;0.527012156497852;5.32071779378803;-0.0835661429951686
./10nA/577nm.csv;0.297651611115867;4.53211542099366;0.0576311643921879;8.2161335255349;-0.0293997315210469
./10nA/436nm.csv;0.00587431953574872;8.47059588972033;4.15888463868751;0.989625673741447;-0.287947022662502
./10nA/405nm.csv;0.167189610830895;3.44620677702017;1.19523591459843;3.62681991473042;-0.110212645409443
./10nA/FullSpectrum.csv;4.72600068904246e-05;1045.31981040775;6.4233368612008;0.403509183990846;-1.49603774796045
./10nA/313nm.csv;0.46461640801992;3.54033644105684;0.00675113102027031;6.76938496021394;-0.00790495604022438
./10nA/BackgroundLevel10nA.csv;0.446020100167792;1.46740287433641;0.000700748553400792;6.68938069532635;0.00748470753667216
./10nA/546nm.csv;0.0497088038828321;9.35467347613445;0.166057801089752;7.98920065823372;-0.0708069313906622
./1000nA/365nm.csv;0.444993059630112;4.70352252528573;0.00113887726697898;9.48079027106345;0.0385923606453244
./1000nA/577nm.csv;0.261356034271596;4.64638780438898;0.00033905746443748;9.10832116299372;0.0392721914633605
./1000nA/436nm.csv;0.367123246778083;4.33051631500792;0.00695593749370376;8.39916854033656;0.0357988824538349
./1000nA/baseline100nA.csv;8.07535633904178e-07;8.62804090939693e-05;-3.75401439288859e-05;7.27050605709805;0.0390002302519926
./1000nA/405nm.csv;0.407011062388626;5.20485576577569;0.000990749022214341;10.3764603767187;0.0381367603559898
./1000nA/313nm.csv;0.396024737475486;7.59975820844922;-0.006384302059724;0.0289678538359914;0.045700075090529
./1000nA/FullSpectrum1000nA.csv;0.38069300480701;4.90354011635424;0.0238742088958926;9.45699775146697;0.0196994025224937
./1000nA/334nm.csv;0.00776028581014032;0.000388897271904209;2.31542178273104e-05;7.26480725635999;0.039361587963112
./1000nA/546nm.csv;0.27057061880853;5.00230978486687;0.0018675408984921;9.16153306447008;0.0385210294666158
./100nA/365nm.csv;0.453898355992668;4.82182759744423;0.0104809401993139;9.70333716761626;0.0245431331147634
./100nA/577nm.csv;0.265736600975783;3.59227387688493;0.0120021956879835;6.47305901110644;0.0335249579448016
./100nA/436nm.csv;0.305325679725324;4.52084594415422;0.071264477115301;8.15570181211254;0.00380227879025976
./100nA/baseline100nA.csv;0.840836010095721;5.19520124632052;-3.24351129405533e-05;4.80559486044954;0.0363583921566507
./100nA/405nm.csv;0.410617455283191;4.87293235932435;0.0139307952043469;9.68030456701789;0.0216408959450759
./100nA/313nm.csv;0.465478322377815;2.39665174918139;0.00101053382661316;5.89068202864339;0.0353652160513538
./100nA/FullSpectrum100nA.csv;3.31674738341308e-05;20.2086804359434;2.51197744300442;0.336781733713973;-0.111794467775842
./100nA/334nm.csv;0.513479212518128;3.03426708983139;0.00084388992199165;6.83093292330515;0.0352437912174755
./100nA/546nm.csv;0.276721819904687;4.95515437061611;0.0211783187119063;8.87192526782032;0.0244890689709915
./10nA/334.csv;0.498752682023012;3.25051022282671;0.0113542928150401;7.04581819445259;-0.00668778306031397
./10nA/365nm.csv;0.294398365892145;3.70221006261448;0.527012156497852;5.32071779378803;-0.0835661429951686
./10nA/577nm.csv;0.297651611115867;4.53211542099366;0.0576311643921879;8.2161335255349;-0.0293997315210469
./10nA/436nm.csv;0.00587431953574872;8.47059588972033;4.15888463868751;0.989625673741447;-0.287947022662502
./10nA/405nm.csv;0.167189610830895;3.44620677702017;1.19523591459843;3.62681991473042;-0.110212645409443
./10nA/FullSpectrum.csv;4.72600068904246e-05;1045.31981040775;6.4233368612008;0.403509183990846;-1.49603774796045
./10nA/313nm.csv;0.46461640801992;3.54033644105684;0.00675113102027031;6.76938496021394;-0.00790495604022438
./10nA/BackgroundLevel10nA.csv;0.446020100167792;1.46740287433641;0.000700748553400792;6.68938069532635;0.00748470753667216
./10nA/546nm.csv;0.0497088038828321;9.35467347613445;0.166057801089752;7.98920065823372;-0.0708069313906622
./1000nA/365nm.csv;0.444993059630112;4.70352252528573;0.00113887726697898;9.48079027106345;0.0385923606453244
./1000nA/577nm.csv;0.261356034271596;4.64638780438898;0.00033905746443748;9.10832116299372;0.0392721914633605
./1000nA/436nm.csv;0.367123246778083;4.33051631500792;0.00695593749370376;8.39916854033656;0.0357988824538349
./1000nA/baseline100nA.csv;8.07535633904178e-07;8.62804090939693e-05;-3.75401439288859e-05;7.27050605709805;0.0390002302519926
./1000nA/405nm.csv;0.407011062388626;5.20485576577569;0.000990749022214341;10.3764603767187;0.0381367603559898
./1000nA/313nm.csv;0.396024737475486;7.59975820844922;-0.006384302059724;0.0289678538359914;0.045700075090529
./1000nA/FullSpectrum1000nA.csv;0.38069300480701;4.90354011635424;0.0238742088958926;9.45699775146697;0.0196994025224937
./1000nA/334nm.csv;0.00776028581014032;0.000388897271904209;2.31542178273104e-05;7.26480725635999;0.039361587963112
./1000nA/546nm.csv;0.27057061880853;5.00230978486687;0.0018675408984921;9.16153306447008;0.0385210294666158
./100nA/365nm.csv;0.453898355992668;4.82182759744423;0.0104809401993139;9.70333716761626;0.0245431331147634
./100nA/577nm.csv;0.265736600975783;3.59227387688493;0.0120021956879835;6.47305901110644;0.0335249579448016
./100nA/436nm.csv;0.305325679725324;4.52084594415422;0.071264477115301;8.15570181211254;0.00380227879025976
./100nA/baseline100nA.csv;0.840836010095721;5.19520124632052;-3.24351129405533e-05;4.80559486044954;0.0363583921566507
./100nA/405nm.csv;0.410617455283191;4.87293235932435;0.0139307952043469;9.68030456701789;0.0216408959450759
./100nA/313nm.csv;0.465478322377815;2.39665174918139;0.00101053382661316;5.89068202864339;0.0353652160513538
./100nA/FullSpectrum100nA.csv;3.31674738341308e-05;20.2086804359434;2.51197744300442;0.336781733713973;-0.111794467775842
./100nA/334nm.csv;0.513479212518128;3.03426708983139;0.00084388992199165;6.83093292330515;0.0352437912174755
./100nA/546nm.csv;0.276721819904687;4.95515437061611;0.0211783187119063;8.87192526782032;0.0244890689709915
./10nA/334.csv;0.498752682023012;3.25051022282671;0.0113542928150401;7.04581819445259;-0.00668778306031397
./10nA/365nm.csv;0.294398365892145;3.70221006261448;0.527012156497852;5.32071779378803;-0.0835661429951686
./10nA/577nm.csv;0.297651611115867;4.53211542099366;0.0576311643921879;8.2161335255349;-0.0293997315210469
./10nA/436nm.csv;0.00587431953574872;8.47059588972033;4.15888463868751;0.989625673741447;-0.287947022662502
./10nA/405nm.csv;0.167189610830895;3.44620677702017;1.19523591459843;3.62681991473042;-0.110212645409443
./10nA/FullSpectrum.csv;4.72600068904246e-05;1045.31981040775;6.4233368612008;0.403509183990846;-1.49603774796045
./10nA/313nm.csv;0.46461640801992;3.54033644105684;0.00675113102027031;6.76938496021394;-0.00790495604022438
./10nA/BackgroundLevel10nA.csv;0.446020100167792;1.46740287433641;0.000700748553400792;6.68938069532635;0.00748470753667216
./10nA/546nm.csv;0.0497088038828321;9.35467347613445;0.166057801089752;7.98920065823372;-0.0708069313906622
./1000nA/365nm.csv;0.444993059630112;4.70352252528573;0.00113887726697898;9.48079027106345;0.0385923606453244
./1000nA/577nm.csv;0.261356034271596;4.64638780438898;0.00033905746443748;9.10832116299372;0.0392721914633605
./1000nA/436nm.csv;0.367123246778083;4.33051631500792;0.00695593749370376;8.39916854033656;0.0357988824538349
./1000nA/baseline100nA.csv;8.07535633904178e-07;8.62804090939693e-05;-3.75401439288859e-05;7.27050605709805;0.0390002302519926
./1000nA/405nm.csv;0.407011062388626;5.20485576577569;0.000990749022214341;10.3764603767187;0.0381367603559898
./1000nA/313nm.csv;0.396024737475486;7.59975820844922;-0.006384302059724;0.0289678538359914;0.045700075090529
./1000nA/FullSpectrum1000nA.csv;0.38069300480701;4.90354011635424;0.0238742088958926;9.45699775146697;0.0196994025224937
./1000nA/334nm.csv;0.00776028581014032;0.000388897271904209;2.31542178273104e-05;7.26480725635999;0.039361587963112
./1000nA/546nm.csv;0.27057061880853;5.00230978486687;0.0018675408984921;9.16153306447008;0.0385210294666158
./100nA/365nm.csv;0.453898355992668;4.82182759744423;0.0104809401993139;9.70333716761626;0.0245431331147634
./100nA/577nm.csv;0.265736600975783;3.59227387688493;0.0120021956879835;6.47305901110644;0.0335249579448016
./100nA/436nm.csv;0.305325679725324;4.52084594415422;0.071264477115301;8.15570181211254;0.00380227879025976
./100nA/baseline100nA.csv;0.840836010095721;5.19520124632052;-3.24351129405533e-05;4.80559486044954;0.0363583921566507
./100nA/405nm.csv;0.410617455283191;4.87293235932435;0.0139307952043469;9.68030456701789;0.0216408959450759
./100nA/313nm.csv;0.465478322377815;2.39665174918139;0.00101053382661316;5.89068202864339;0.0353652160513538
./100nA/FullSpectrum100nA.csv;3.31674738341308e-05;20.2086804359434;2.51197744300442;0.336781733713973;-0.111794467775842
./100nA/334nm.csv;0.513479212518128;3.03426708983139;0.00084388992199165;6.83093292330515;0.0352437912174755
./100nA/546nm.csv;0.276721819904687;4.95515437061611;0.0211783187119063;8.87192526782032;0.0244890689709915
./10nA/334.csv;0.498752682023012;3.25051022282671;0.0113542928150401;7.04581819445259;-0.00668778306031397
./10nA/365nm.csv;0.294398365892145;3.70221006261448;0.527012156497852;5.32071779378803;-0.0835661429951686
./10nA/577nm.csv;0.297651611115867;4.53211542099366;0.0576311643921879;8.2161335255349;-0.0293997315210469
./10nA/436nm.csv;0.00587431953574872;8.47059588972033;4.15888463868751;0.989625673741447;-0.287947022662502
./10nA/405nm.csv;0.167189610830895;3.44620677702017;1.19523591459843;3.62681991473042;-0.110212645409443
./10nA/FullSpectrum.csv;4.72600068904246e-05;1045.31981040775;6.4233368612008;0.403509183990846;-1.49603774796045
./10nA/313nm.csv;0.46461640801992;3.54033644105684;0.00675113102027031;6.76938496021394;-0.00790495604022438
./10nA/BackgroundLevel10nA.csv;0.446020100167792;1.46740287433641;0.000700748553400792;6.68938069532635;0.00748470753667216
./10nA/546nm.csv;0.0497088038828321;9.35467347613445;0.166057801089752;7.98920065823372;-0.0708069313906622
./1000nA/365nm.csv;0.444993059630112;4.70352252528573;0.00113887726697898;9.48079027106345;0.0385923606453244
./1000nA/577nm.csv;0.261356034271596;4.64638780438898;0.00033905746443748;9.10832116299372;0.0392721914633605
./1000nA/436nm.csv;0.367123246778083;4.33051631500792;0.00695593749370376;8.39916854033656;0.0357988824538349
./1000nA/baseline100nA.csv;8.07535633904178e-07;8.62804090939693e-05;-3.75401439288859e-05;7.27050605709805;0.0390002302519926
./1000nA/405nm.csv;0.407011062388626;5.20485576577569;0.000990749022214341;10.3764603767187;0.0381367603559898
./1000nA/313nm.csv;0.396024737475486;7.59975820844922;-0.006384302059724;0.0289678538359914;0.045700075090529
./1000nA/FullSpectrum1000nA.csv;0.38069300480701;4.90354011635424;0.0238742088958926;9.45699775146697;0.0196994025224937
./1000nA/334nm.csv;0.00776028581014032;0.000388897271904209;2.31542178273104e-05;7.26480725635999;0.039361587963112
./1000nA/546nm.csv;0.27057061880853;5.00230978486687;0.0018675408984921;9.16153306447008;0.0385210294666158
./100nA/365nm.csv;0.453898355992668;4.82182759744423;0.0104809401993139;9.70333716761626;0.0245431331147634
./100nA/577nm.csv;0.265736600975783;3.59227387688493;0.0120021956879835;6.47305901110644;0.0335249579448016
./100nA/436nm.csv;0.305325679725324;4.52084594415422;0.071264477115301;8.15570181211254;0.00380227879025976
./100nA/baseline100nA.csv;0.840836010095721;5.19520124632052;-3.24351129405533e-05;4.80559486044954;0.0363583921566507
./100nA/405nm.csv;0.410617455283191;4.87293235932435;0.0139307952043469;9.68030456701789;0.0216408959450759
./100nA/313nm.csv;0.465478322377815;2.39665174918139;0.00101053382661316;5.89068202864339;0.0353652160513538
./100nA/FullSpectrum100nA.csv;3.31674738341308e-05;20.2086804359434;2.51197744300442;0.336781733713973;-0.111794467775842
./100nA/334nm.csv;0.513479212518128;3.03426708983139;0.00084388992199165;6.83093292330515;0.0352437912174755
./100nA/546nm.csv;0.276721819904687;4.95515437061611;0.0211783187119063;8.87192526782032;0.0244890689709915
./10nA/334.csv;0.498752682023012;3.25051022282671;0.0113542928150401;7.04581819445259;-0.00668778306031397
./10nA/365nm.csv;0.294398365892145;3.70221006261448;0.527012156497852;5.32071779378803;-0.0835661429951686
./10nA/577nm.csv;0.297651611115867;4.53211542099366;0.0576311643921879;8.2161335255349;-0.0293997315210469
./10nA/436nm.csv;0.00587431953574872;8.47059588972033;4.15888463868751;0.989625673741447;-0.287947022662502
./10nA/405nm.csv;0.167189610830895;3.44620677702017;1.19523591459843;3.62681991473042;-0.110212645409443
./10nA/FullSpectrum.csv;4.72600068904246e-05;1045.31981040775;6.4233368612008;0.403509183990846;-1.49603774796045
./10nA/313nm.csv;0.46461640801992;3.54033644105684;0.00675113102027031;6.76938496021394;-0.00790495604022438
./10nA/BackgroundLevel10nA.csv;0.446020100167792;1.46740287433641;0.000700748553400792;6.68938069532635;0.00748470753667216
./10nA/546nm.csv;0.0497088038828321;9.35467347613445;0.166057801089752;7.98920065823372;-0.0708069313906622
./1000nA/365nm.csv;0.444993059630112;4.70352252528573;0.00113887726697898;9.48079027106345;0.0385923606453244
./1000nA/577nm.csv;0.261356034271596;4.64638780438898;0.00033905746443748;9.10832116299372;0.0392721914633605
./1000nA/436nm.csv;0.367123246778083;4.33051631500792;0.00695593749370376;8.39916854033656;0.0357988824538349
./1000nA/baseline100nA.csv;8.07535633904178e-07;8.62804090939693e-05;-3.75401439288859e-05;7.27050605709805;0.0390002302519926
./1000nA/405nm.csv;0.407011062388626;5.20485576577569;0.000990749022214341;10.3764603767187;0.0381367603559898
./1000nA/313nm.csv;0.396024737475486;7.59975820844922;-0.006384302059724;0.0289678538359914;0.045700075090529
./1000nA/FullSpectrum1000nA.csv;0.38069300480701;4.90354011635424;0.0238742088958926;9.45699775146697;0.0196994025224937
./1000nA/334nm.csv;0.00776028581014032;0.000388897271904209;2.31542178273104e-05;7.26480725635999;0.039361587963112
./1000nA/546nm.csv;0.27057061880853;5.00230978486687;0.0018675408984921;9.16153306447008;0.0385210294666158
./100nA/365nm.csv;0.453898355992668;4.82182759744423;0.0104809401993139;9.70333716761626;0.0245431331147634
./100nA/577nm.csv;0.265736600975783;3.59227387688493;0.0120021956879835;6.47305901110644;0.0335249579448016
./100nA/436nm.csv;0.305325679725324;4.52084594415422;0.071264477115301;8.15570181211254;0.00380227879025976
./100nA/baseline100nA.csv;0.840836010095721;5.19520124632052;-3.24351129405533e-05;4.80559486044954;0.0363583921566507
./100nA/405nm.csv;0.410617455283191;4.87293235932435;0.0139307952043469;9.68030456701789;0.0216408959450759
./100nA/313nm.csv;0.465478322377815;2.39665174918139;0.00101053382661316;5.89068202864339;0.0353652160513538
./100nA/FullSpectrum100nA.csv;3.31674738341308e-05;20.2086804359434;2.51197744300442;0.336781733713973;-0.111794467775842
./100nA/334nm.csv;0.513479212518128;3.03426708983139;0.00084388992199165;6.83093292330515;0.0352437912174755
./100nA/546nm.csv;0.276721819904687;4.95515437061611;0.0211783187119063;8.87192526782032;0.0244890689709915
./10nA/334.csv;0.498752682023012;3.25051022282671;0.0113542928150401;7.04581819445259;-0.00668778306031397
./10nA/365nm.csv;0.294398365892145;3.70221006261448;0.527012156497852;5.32071779378803;-0.0835661429951686
./10nA/577nm.csv;0.297651611115867;4.53211542099366;0.0576311643921879;8.2161335255349;-0.0293997315210469
./10nA/436nm.csv;0.00587431953574872;8.47059588972033;4.15888463868751;0.989625673741447;-0.287947022662502
./10nA/405nm.csv;0.167189610830895;3.44620677702017;1.19523591459843;3.62681991473042;-0.110212645409443
./10nA/FullSpectrum.csv;4.72600068904246e-05;1045.31981040775;6.4233368612008;0.403509183990846;-1.49603774796045
./10nA/313nm.csv;0.46461640801992;3.54033644105684;0.00675113102027031;6.76938496021394;-0.00790495604022438
./10nA/BackgroundLevel10nA.csv;0.446020100167792;1.46740287433641;0.000700748553400792;6.68938069532635;0.00748470753667216
./10nA/546nm.csv;0.0497088038828321;9.35467347613445;0.166057801089752;7.98920065823372;-0.0708069313906622
./1000nA/365nm.csv;0.444993059630112;4.70352252528573;0.00113887726697898;9.48079027106345;0.0385923606453244
./1000nA/577nm.csv;0.261356034271596;4.64638780438898;0.00033905746443748;9.10832116299372;0.0392721914633605
./1000nA/436nm.csv;0.367123246778083;4.33051631500792;0.00695593749370376;8.39916854033656;0.0357988824538349
./1000nA/baseline100nA.csv;8.07535633904178e-07;8.62804090939693e-05;-3.75401439288859e-05;7.27050605709805;0.0390002302519926
./1000nA/405nm.csv;0.407011062388626;5.20485576577569;0.000990749022214341;10.3764603767187;0.0381367603559898
./1000nA/313nm.csv;0.396024737475486;7.59975820844922;-0.006384302059724;0.0289678538359914;0.045700075090529
./1000nA/FullSpectrum1000nA.csv;0.38069300480701;4.90354011635424;0.0238742088958926;9.45699775146697;0.0196994025224937
./1000nA/334nm.csv;0.00776028581014032;0.000388897271904209;2.31542178273104e-05;7.26480725635999;0.039361587963112
./1000nA/546nm.csv;0.27057061880853;5.00230978486687;0.0018675408984921;9.16153306447008;0.0385210294666158
./100nA/365nm.csv;0.453898355992668;4.82182759744423;0.0104809401993139;9.70333716761626;0.0245431331147634
./100nA/577nm.csv;0.265736600975783;3.59227387688493;0.0120021956879835;6.47305901110644;0.0335249579448016
./100nA/436nm.csv;0.305325679725324;4.52084594415422;0.071264477115301;8.15570181211254;0.00380227879025976
./100nA/baseline100nA.csv;0.840836010095721;5.19520124632052;-3.24351129405533e-05;4.80559486044954;0.0363583921566507
./100nA/405nm.csv;0.410617455283191;4.87293235932435;0.0139307952043469;9.68030456701789;0.0216408959450759
./100nA/313nm.csv;0.465478322377815;2.39665174918139;0.00101053382661316;5.89068202864339;0.0353652160513538
./100nA/FullSpectrum100nA.csv;3.31674738341308e-05;20.2086804359434;2.51197744300442;0.336781733713973;-0.111794467775842
./100nA/334nm.csv;0.513479212518128;3.03426708983139;0.00084388992199165;6.83093292330515;0.0352437912174755
./100nA/546nm.csv;0.276721819904687;4.95515437061611;0.0211783187119063;8.87192526782032;0.0244890689709915
./10nA/334.csv;0.498752682023012;3.25051022282671;0.0113542928150401;7.04581819445259;-0.00668778306031397
./10nA/365nm.csv;0.294398365892145;3.70221006261448;0.527012156497852;5.32071779378803;-0.0835661429951686
./10nA/577nm.csv;0.297651611115867;4.53211542099366;0.0576311643921879;8.2161335255349;-0.0293997315210469
./10nA/436nm.csv;0.00587431953574872;8.47059588972033;4.15888463868751;0.989625673741447;-0.287947022662502
./10nA/405nm.csv;0.167189610830895;3.44620677702017;1.19523591459843;3.62681991473042;-0.110212645409443
./10nA/FullSpectrum.csv;4.72600068904246e-05;1045.31981040775;6.4233368612008;0.403509183990846;-1.49603774796045
./10nA/313nm.csv;0.46461640801992;3.54033644105684;0.00675113102027031;6.76938496021394;-0.00790495604022438
./10nA/BackgroundLevel10nA.csv;0.446020100167792;1.46740287433641;0.000700748553400792;6.68938069532635;0.00748470753667216
./10nA/546nm.csv;0.0497088038828321;9.35467347613445;0.166057801089752;7.98920065823372;-0.0708069313906622
./1000nA/365nm.csv;0.444993059630112;4.70352252528573;0.00113887726697898;9.48079027106345;0.0385923606453244
./1000nA/577nm.csv;0.261356034271596;4.64638780438898;0.00033905746443748;9.10832116299372;0.0392721914633605
./1000nA/436nm.csv;0.367123246778083;4.33051631500792;0.00695593749370376;8.39916854033656;0.0357988824538349
./1000nA/baseline100nA.csv;8.07535633904178e-07;8.62804090939693e-05;-3.75401439288859e-05;7.27050605709805;0.0390002302519926
./1000nA/405nm.csv;0.407011062388626;5.20485576577569;0.000990749022214341;10.3764603767187;0.0381367603559898
./1000nA/313nm.csv;0.396024737475486;7.59975820844922;-0.006384302059724;0.0289678538359914;0.045700075090529
./1000nA/FullSpectrum1000nA.csv;0.38069300480701;4.90354011635424;0.0238742088958926;9.45699775146697;0.0196994025224937
./1000nA/334nm.csv;0.00776028581014032;0.000388897271904209;2.31542178273104e-05;7.26480725635999;0.039361587963112
./1000nA/546nm.csv;0.27057061880853;5.00230978486687;0.0018675408984921;9.16153306447008;0.0385210294666158
./100nA/365nm.csv;0.453898355992668;4.82182759744423;0.0104809401993139;9.70333716761626;0.0245431331147634
./100nA/577nm.csv;0.265736600975783;3.59227387688493;0.0120021956879835;6.47305901110644;0.0335249579448016
./100nA/436nm.csv;0.305325679725324;4.52084594415422;0.071264477115301;8.15570181211254;0.00380227879025976
./100nA/baseline100nA.csv;0.840836010095721;5.19520124632052;-3.24351129405533e-05;4.80559486044954;0.0363583921566507
./100nA/405nm.csv;0.410617455283191;4.87293235932435;0.0139307952043469;9.68030456701789;0.0216408959450759
./100nA/313nm.csv;0.465478322377815;2.39665174918139;0.00101053382661316;5.89068202864339;0.0353652160513538
./100nA/FullSpectrum100nA.csv;3.31674738341308e-05;20.2086804359434;2.51197744300442;0.336781733713973;-0.111794467775842
./100nA/334nm.csv;0.513479212518128;3.03426708983139;0.00084388992199165;6.83093292330515;0.0352437912174755
./100nA/546nm.csv;0.276721819904687;4.95515437061611;0.0211783187119063;8.87192526782032;0.0244890689709915
./10nA/334.csv;0.498752682023012;3.25051022282671;0.0113542928150401;7.04581819445259;-0.00668778306031397
./10nA/365nm.csv;0.294398365892145;3.70221006261448;0.527012156497852;5.32071779378803;-0.0835661429951686
./10nA/577nm.csv;0.297651611115867;4.53211542099366;0.0576311643921879;8.2161335255349;-0.0293997315210469
./10nA/436nm.csv;0.00587431953574872;8.47059588972033;4.15888463868751;0.989625673741447;-0.287947022662502
./10nA/405nm.csv;0.167189610830895;3.44620677702017;1.19523591459843;3.62681991473042;-0.110212645409443
./10nA/FullSpectrum.csv;4.72600068904246e-05;1045.31981040775;6.4233368612008;0.403509183990846;-1.49603774796045
./10nA/313nm.csv;0.46461640801992;3.54033644105684;0.00675113102027031;6.76938496021394;-0.00790495604022438
./10nA/BackgroundLevel10nA.csv;0.446020100167792;1.46740287433641;0.000700748553400792;6.68938069532635;0.00748470753667216
./10nA/546nm.csv;0.0497088038828321;9.35467347613445;0.166057801089752;7.98920065823372;-0.0708069313906622
./1000nA/365nm.csv;0.444993059630112;4.70352252528573;0.00113887726697898;9.48079027106345;0.0385923606453244
./1000nA/577nm.csv;0.261356034271596;4.64638780438898;0.00033905746443748;9.10832116299372;0.0392721914633605
./1000nA/436nm.csv;0.367123246778083;4.33051631500792;0.00695593749370376;8.39916854033656;0.0357988824538349
./1000nA/baseline100nA.csv;8.07535633904178e-07;8.62804090939693e-05;-3.75401439288859e-05;7.27050605709805;0.0390002302519926
./1000nA/405nm.csv;0.407011062388626;5.20485576577569;0.000990749022214341;10.3764603767187;0.0381367603559898
./1000nA/313nm.csv;0.396024737475486;7.59975820844922;-0.006384302059724;0.0289678538359914;0.045700075090529
./1000nA/FullSpectrum1000nA.csv;0.38069300480701;4.90354011635424;0.0238742088958926;9.45699775146697;0.0196994025224937
./1000nA/334nm.csv;0.00776028581014032;0.000388897271904209;2.31542178273104e-05;7.26480725635999;0.039361587963112
./1000nA/546nm.csv;0.27057061880853;5.00230978486687;0.0018675408984921;9.16153306447008;0.0385210294666158
./100nA/365nm.csv;0.453898355992668;4.82182759744423;0.0104809401993139;9.70333716761626;0.0245431331147634
./100nA/577nm.csv;0.265736600975783;3.59227387688493;0.0120021956879835;6.47305901110644;0.0335249579448016
./100nA/436nm.csv;0.305325679725324;4.52084594415422;0.071264477115301;8.15570181211254;0.00380227879025976
./100nA/baseline100nA.csv;0.840836010095721;5.19520124632052;-3.24351129405533e-05;4.80559486044954;0.0363583921566507
./100nA/405nm.csv;0.410617455283191;4.87293235932435;0.0139307952043469;9.68030456701789;0.0216408959450759
./100nA/313nm.csv;0.465478322377815;2.39665174918139;0.00101053382661316;5.89068202864339;0.0353652160513538
./100nA/FullSpectrum100nA.csv;3.31674738341308e-05;20.2086804359434;2.51197744300442;0.336781733713973;-0.111794467775842
./100nA/334nm.csv;0.513479212518128;3.03426708983139;0.00084388992199165;6.83093292330515;0.0352437912174755
./100nA/546nm.csv;0.276721819904687;4.95515437061611;0.0211783187119063;8.87192526782032;0.0244890689709915
./10nA/334.csv;0.498752682023012;3.25051022282671;0.0113542928150401;7.04581819445259;-0.00668778306031397
./10nA/365nm.csv;0.294398365892145;3.70221006261448;0.527012156497852;5.32071779378803;-0.0835661429951686
./10nA/577nm.csv;0.297651611115867;4.53211542099366;0.0576311643921879;8.2161335255349;-0.0293997315210469
./10nA/436nm.csv;0.00587431953574872;8.47059588972033;4.15888463868751;0.989625673741447;-0.287947022662502
./10nA/405nm.csv;0.167189610830895;3.44620677702017;1.19523591459843;3.62681991473042;-0.110212645409443
./10nA/FullSpectrum.csv;4.72600068904246e-05;1045.31981040775;6.4233368612008;0.403509183990846;-1.49603774796045
./10nA/313nm.csv;0.46461640801992;3.54033644105684;0.00675113102027031;6.76938496021394;-0.00790495604022438
./10nA/BackgroundLevel10nA.csv;0.446020100167792;1.46740287433641;0.000700748553400792;6.68938069532635;0.00748470753667216
./10nA/546nm.csv;0.0497088038828321;9.35467347613445;0.166057801089752;7.98920065823372;-0.0708069313906622
./1000nA/365nm.csv;0.444993059630112;4.70352252528573;0.00113887726697898;9.48079027106345;0.0385923606453244
./1000nA/577nm.csv;0.261356034271596;4.64638780438898;0.00033905746443748;9.10832116299372;0.0392721914633605
./1000nA/436nm.csv;0.367123246778083;4.33051631500792;0.00695593749370376;8.39916854033656;0.0357988824538349
./1000nA/baseline100nA.csv;8.07535633904178e-07;8.62804090939693e-05;-3.75401439288859e-05;7.27050605709805;0.0390002302519926
./1000nA/405nm.csv;0.407011062388626;5.20485576577569;0.000990749022214341;10.3764603767187;0.0381367603559898
./1000nA/313nm.csv;0.396024737475486;7.59975820844922;-0.006384302059724;0.0289678538359914;0.045700075090529
./1000nA/FullSpectrum1000nA.csv;0.38069300480701;4.90354011635424;0.0238742088958926;9.45699775146697;0.0196994025224937
./1000nA/334nm.csv;0.00776028581014032;0.000388897271904209;2.31542178273104e-05;7.26480725635999;0.039361587963112
./1000nA/546nm.csv;0.27057061880853;5.00230978486687;0.0018675408984921;9.16153306447008;0.0385210294666158
