313;  0.58094;  0.75874
313;  0.91758;  0.073633
313;  4.6885e+06; -3.7817
334;  0.81104;  0.95774
334;  0.83418; -0.0032807
334; -1.7452; -0.14795
365;  0.79761;  0.26400
365;  0.82798;  0.72694
365;  0.85250;  0.38817
405;  0.71128;  0.24791
405;  0.76372;  0.64446
405;  0.77088;  0.31610
436;  0.65120;  0.23599
436;  0.70043;  0.56340
436;  0.72488;  0.33855
546;  0.50612;  0.33040
546;  0.58466;  0.48432
546;  0.61107;  0.28613
577;  0.51865;  0.58140
577;  0.57353;  0.46874
577;  0.63384;  0.20151
BackgroundLevel10nA; -0.20581;  0.056224
baseline100nA;  44.315; -2.7297
baseline100nA; NaN;  3.6516
FullSpectrum1000nA;  0.73975;  0.28859
FullSpectrum100nA;  0.69211;  0.25286
FullSpectrum;  1.0540;  0.70915
